Block 0: [ 7.   6.  14.5]   [ 1.5  -1.   -5.25]
Block 1: [13.   6.5  5.5]   [-4.5   1.25 -0.75]
Block 2: [6.  6.5 7. ]  [ 1.   -1.25  0.  ]
Block 3: [7.5 4.5 7. ]  [-1.75  0.25  1.5 ]
Block 4: [ 5.5 13.5  6.5]   [0.   4.75 1.25]
Block 5: [ 4.5 14.   6.5]   [0. 0. 0.]
Block 6: [ 6.5  4.  13. ]   [-1.25 -0.   -4.5 ]
Block 7: [ 5.   6.5 12.5]   [ 0.    0.   -4.25]
Block 8: [5.5 6.  6.5]  [ 0.75  1.   -1.25]
Block 9: [10.5  5.   4.5]   [ 0.    0.5  -0.25]
Block 10: [ 5.5 14.5  6. ]  [0.75 0.   0.  ]
Block 11: [10.5  5.   5. ]  [ 3.25 -0.5   0.  ]
Block 12: [5.  9.5 6. ] [-0.5  -2.75  0.  ]
Block 13: [ 5.   4.  14.5]  [ 0.    0.   -5.25]
Block 14: [4.  8.5 4.5] [-0.    2.25 -0.25]
Block 15: [6.5 5.  4. ] [ 1.25 -0.5   0.  ]